mg
59,15.5
md
65,6.5
68,2
70.5,0
73.5,0
77.5,2.5
87.5,12.5
95.5,22.5
99,27.5
101.5,33
108.5,44.5
115.5,58
120.5,69.5
125,81
129,95.5
130.5,107.5
131,118.5
133.5,118.5
135.5,121
135.5,124.5
132.5,129.5
129,134.5
124,139
117,143
108.5,147.5
101.5,151.5
94,154.5
88,156.5
81.5,159
80.5,162
78.5,163.5
75,165
68.5,166
65,166.5
60,166.5
54,166.5
47.5,165.5
43,164.5
38,163
33.5,161.5
25.5,157.5
17.5,152
11,145
5.5,136
3,128
0.5,118
0,112.2
0.5,105.5
0.5,94
1,91.5
2,85.5
4,75
6.5,65
9.5,53
12.5,42.5
15.5,31
19,19.5
22.5,11.5
25.5,9
29.5,8
33,9
38,12.5
42,16
45,20.5
48.5,19
51.5,18.5
53.5,17.5
55,17
58,16.5
59,15.5
mu
125.5,127
md
126.5,124
128,120.5
129,119
131,118.5
mu
83.5,148
md
84.5,145
85.5,142.5
87.5,140
91,139.5
93.5,142
93,145
91.5,148.5
88.5,151.5
mu
34,147.5
md
37,149
42.5,150.5
49.5,153
55.5,153.5
60.5,154.5
64,154.5
67.5,154.5
72,154
77,154
80,154.5
81.5,157
81.5,159
mu
46.5,36
md
48.5,36.5
50,38.5
50.5,40.5
49.5,42
47.5,43
45,43
43.5,41.5
43,39.5
43.5,38
45,36.5
46.5,36
mu
77.5,28
md
79.5,28
81.5,29.5
82,31.5
81,33.5
78.5,35
76,34
75,33
74.5,30.5
75.5,29
77.5,28
mu
54,33.5
md
56.5,35
58.5,36.5
58,38.5
57.5,40.5
56.5,41.5
mu
69,30
md
67.5,31.5
67,33.5
68,36
69.5,36.5
72,37.5
mu
58,38.5
md
60.5,39
63.5,38
65.5,38.5
67,37
67.5,35.5
mu
62,33.5
md
63,35.5
63.5,38
mu
55.5,73.5
md
57.5,70.5
60,68
63.5,68
65.5,69
66,71.5
65.5,73
63.5,75
62.5,75.5
58.5,77
mu
97.5,61
md
95,58.5
92,57.5
89,59
88,60
87,61
86.5,62
87,63
88.5,64.5
91.5,65
96,65
mu
62.5,87
md
60.5,88.5
59.5,89.5
59,90.5
59,92.5
60,93.5
61,94.5
61.5,95
64,95
65.5,95
102.5,83.5
104,82
105,81
105.5,79.5
105.5,76
104,75
102.5,74
101,74.5
100,75
62.5,87
mu
100,75
md
98.5,73
97,71
95,68.5
92,65
mu
62.5,87
md
63,84
63,80
63.5,75
mu
63.5,68
md
64.5,63
65,58
65.5,54
66,49.5
67,46
68,45
70,44.5
72.5,46
77,50
81,54
85.5,58
87.5,59.5
88,60
mu
95,22.5
md
99,20.5
103.5,19.5
110,17.5
mu
99,27.5
md
104,27.5
109,27
113,26
mu
29,37.5
md
22.5,37.5
16,37.5
8.5,37.5
mu
28.5,44
md
23.5,44
16.5,45
8,46.5
mu
47.5,19.5
md
49.5,25.5
49,24
mu
53.5,17.5
md
56.5,23.5
56,22.5
mu
59,15.5
md
63,21.5
61,18.5
mu
0,0
