mg
57,161
md
61,161
66,162
71,164
76,166
78,168
80,170
85,175
87,179
90,186
90,190
114,190
105,176
100,165
93,150
89,138
86,129
83,119
80,108
78,98
72,78
68,57
65,41
61,21
65,17
65,12
62,8
58,4
57,0
56,4
52,8
49,12
49,17
53,21
49,41
46,57
42,78
36,98
34,108
31,119
28,129
25,138
21,150
14,165
9,176
0,190
24,190
24,186
27,179
29,175
34,170
36,168
38,166
43,164
48,162
53,161
59,161
55,161
mu
47,98
md
44,113
42,123
39,133
38,138
34,143
57,161
80,143
76,138
75,133
72,123
70,113
67,98
70,113
mu
49,41
md
68,57
42,78
78,98
80,108
70,113
72,123
83,119
86,129
75,133
76,138
38,138
39,133
28,129
31,119
42,123
45,113
34,108
36,98
72,78
46,57
65,41
46,57
mu
36,168
md
21,150
14,165
20,170
24,175
27,179
24,175
mu
78,168
md
93,150
100,165
94,170
90,175
87,179
90,175
mu
0,190
md
24,175
20,170
41,143
73,143
94,170
90,175
114,190
90,175
mu
57,98
md
88,98
85,103
29,103
26,98
69,98
45,98
mu
57,138
md
100,138
97,143
17,143
14,138
76,138
38,138
mu
53,21
md
61,21
65,17
65,12
62,8
52,8
56,5
mu
120,0
