mg
170,290
md
0,290
0,300
170,300
170,290
10,290
10,40
160,40
160,290
25,290
25,70
20,70
20,45
25,45
25,40
25,45
145,45
145,40
145,45
150,45
150,70
25,70
145,70
145,290
30,290
30,80
83,80
83,290
87,290
87,80
140,80
140,290
mu
75,5
md
95,5
85,0
75,5
75,20
95,20
95,5
95,20
30,20
30,30
140,30
140,20
30,20
30,30
20,30
20,40
150,40
150,30
20,30
mu
37,90
md
37,130
76,130
76,90
37,90
37,110
76,110
76,90
63,90
63,130
50,130
50,90
mu
133,90
md
133,130
94,130
94,90
133,90
133,110
94,110
94,90
107,90
107,130
120,130
120,90
mu
37,140
md
37,180
76,180
76,140
37,140
mu
133,140
md
133,180
94,180
94,140
133,140
mu
37,190
md
37,230
76,230
76,190
37,190
mu
133,190
md
133,230
94,230
94,190
133,190
mu
37,240
md
37,280
76,280
76,240
37,240
mu
133,240
md
133,280
94,280
94,240
133,240
mu
0,0
