mg
86,100
md
82,95
82,75
80,71
77,70
68,76
53,102
44,109
18,118
11,122
5,128
1,136
0,145
2,159
8,171
24,193
36,203
40,205
47,206
53,205
60,201
67,194
72,173
78,162
97,151
104,144
106,139
106,135
104,131
94,125
92,122
92,114
92,122
mu
40,156
md
30,146
26,150
46,170
50,166
35,151
45,161
mu
78,118
md
71,111
64,118
78,132
85,125
74,114
82,122
mu
34,152
md
162,24
162,21
196,2
200,1
206,4
208,9
206,14
200,17
196,16
194,17
184,36
177,33
173,33
44,162
173,33
mu
37.25,155.25
md
173.25,19.25
173.25,4.25
173.25,19.25
mu
40.75,158.75
md
184.75,14.75
184.75,0
184.75,14.75
mu
158,28
md
168,38
158,28
mu
0,0
