mg
68,13
md
1,13
0,14
2,45
63,26
69,26
71,28
71,32
59,52
71,55
80,37
95,37
96,48
101,65
117,61
112,44
111,33
111,27
113,24
114,20
117,20
117,22.5
121,22
121,24
145,24
167,23
192,23
192,21
197,21
197,18
240,18
240,19
247,19
247,14
240,14
240,15
206,15
206,1
203,0
195,12
192,12
192,10
167,10
145,9
121,9
121,11
117,10.5
117,13
114,13
114,4
76,0
70,13
66,13
66,26
66,14
mu
71,29
md
79,29
79,37
84,37
81,34
81,32
84,29
92,29
95,32
95,34
92,37
95,37
111,33
106,34
107,45
112,62
111,58
mu
100,36
md
101,47
106,64
105,60
mu
87,29
md
86,30
86,33
87,34
88,35
mu
99,3
md
86,3
83,10
112,10
114,7
112,3
92,3
96,3
mu
206,12
md
195,12
192,12
192,23
192,17
mu
121,9
md
121,24
121,16
mu
250,0
