mg
200,145
md
80,145
80,165
80,155
60,175
60,180
140,180
140,175
60,175
60,180
140,180
160,160
160,155
140,175
60,175
140,175
140,180
140,175
160,155
125,155
125,160
120,165
120,145
125,145
125,160
125,145
0,145
0,5
5,0
205,0
205,140
200,145
200,5
205,0
200,5
0,5
mu
10,15
md
10,135
190,135
190,15
10,15
mu
0,225
md
0,230
160,230
200,195
200,185
40,185
0,225
160,225
160,230
160,225
200,185
mu
40,190
md
10,220
110,220
140,190
40,190
30,200
130,200
120,210
20,210
10,220
20,220
50,190
60,190
30,220
40,220
45,215
85,215
80,220
90,220
120,190
130,190
100,220
130,190
110,190
90,210
80,210
100,190
90,190
70,210
60,210
80,190
70,190
50,210
mu
130,220
md
150,200
160,200
140,220
120,220
130,210
165,210
155,220
120,220
mu
240,60
md
320,60
320,220
240,220
240,60
300,0
380,0
380,160
320,220
320,60
380,0
mu
245,70
md
245,145
315,145
315,70
245,70
245,120
315,120
315,95
245,95
mu
250,75
md
250,90
310,90
310,75
250,75
mu
255,80
md
255,85
300,85
300,80
255,80
mu
250,105
md
250,110
255,110
255,105
250,105
mu
260,106
md
260,109
300,109
300,106
260,106
mu
255,130
md
255,140
260,140
260,130
255,130
mu
257,133
md
257,137
mu
300,130
md
300,140
305,140
305,130
300,130
mu
302,133
md
302,137
mu
275,130
md
273,131
272,133
273,135
275,136
277,135
278,133
277,131
275,130
mu
275,133
md
mu
285,130
md
283,131
282,133
283,135
285,136
287,135
288,133
287,131
285,130
mu
285,133
md
mu
280,168
md
271,171
267,180
271,189
279,192
289,189
292,180
289,171
280,168
mu
275,177
md
274,179
274,181
275,183
277,185
280,186
283,185
285,183
286,181
286,179
285,177
mu
280,174
md
280,180
mu
0,0
