mg
50,61
md
48,44
41,30
38,14
38,55
39,65
43,71
47,77
52,82
63,89
77,95
97,97
109,97
116,93
123,84
129,67
134,50
134,28
130,18
124,12
105,5
78,5
mu
mu
68,43
md
70,39
84,29
mu
105,22
md
114,21
123,24
124,26
mu
75,59
md
76,55
82,48
90,43
84,49
83,51
84,53
87,54
91,54
92,53
mu
102,42
md
104,39
107,36
110,35
119,33
111,38
110,41
113,45
117,45
118,44
mu
108,53
md
116,56
114,60
mu
103,78
md
107,74
110,75
mu
25,13
md
23,17
22,22
22,35
24,49
27,61
36,75
mu
27,91
md
27,96
34,103
41,108
41,112
35,123
32,132
32,138
37,143
43,145
mu
42,94
md
47,100
57,105
46,120
42,131
42,137
52,142
65,142
68,140
mu
63,93
md
63,107
65,116
70,119
73,123
74,126
77,129
82,131
mu
35,5
md
44,16
52,22
64,26
71,27
63,22
54,16
44,2
44,0
54,10
73,19
87,20
97,19
105,15
mu
134,56
md
143,65
144,69
143,73
134,88
134,92
140,101
140,106
134,113
129,123
131,126
mu
138,13
md
146,31
154,39
161,53
160,62
158,69
154,75
147,80
161,94
164,102
162,111
156,119
145,126
141,133
144,137
147,137
mu
8,26
md
38,33
0,71
28,75
8,26
mu
170,0
