mg
36,44
md
36,52
37,56
39,60
46,66
56,69
65,69
74,66
81,62
88,55
95,47
93,18
87,9
78,3
66,0
56,0
50,1
39,9
33,16
24,22
18,27
21,30
23,31
25,34
33,34
25,34
mu
49,19
md
44,21
40,24
35,29
33,34
25,40
28,43
36,44
54,48
58,48
63,46
76,39
80,34
82,31
83,26
83,33
86,37
86,44
84,50
81,55
80,59
88,53
89,48
89,45
88,39
88,31
86,25
82,17
79,13
74,9
64,6
55,4
50,1
55,4
mu
28,43
md
30,51
33,48
28,57
28,63
33,61
37,56
33,61
mu
25,34
md
18,39
11,43
2,49
0,53
0,55
7,55
19,59
28,60
28,63
33,61
36,62
39,60
36,62
mu
88,31
md
94,27
94,30
93,32
94,35
94,39
93,41
89,45
88,39
mu
88,38
md
91,32
91,40
91,32
mu
38,42
md
41,40
47,42
53,47
47,42
mu
50,47
md
46,46
43,46
39,49
43,53
45,54
48,54
50,53
48,54
mu
54,51
md
50,53
50,47
46,46
43,46
43,53
43,46
mu
78,33
md
75,32
71,33
64,43
71,33
mu
66,50
md
71,43
74,41
79,41
83,42
82,46
79,49
77,51
72,52
77,51
mu
66,50
md
72,52
71,43
74,41
79,41
79,49
79,41
mu
58,58
md
60,58
59,58
mu
50,60
md
56,62
65,62
70,61
65,62
mu
63,147
md
55,147
41,145
39,144
39,120
40,110
42,96
44,88
45,74
56,69
55,76
58,90
72,76
74,66
82,67
88,73
85,78
83,87
83,131
87,145
84,145
71,147
59,147
67,147
mu
55,76
md
72,76
63,76
mu
93,78
md
97,74
86,63
82,67
86,63
mu
95,76
md
84,65
82,67
93,78
104,86
111,92
114,113
117,119
104,119
99,104
91,96
83,93
91,96
mu
96,101
md
83,114
83,120
99,104
83,120
mu
45,74
md
36,77
20,85
17,87
15,94
27,108
31,108
39,103
26,90
30,94
40,91
44,88
40,91
mu
39,120
md
83,120
83,131
39,131
83,131
mu
59,130
md
65,130
59,121
53,130
62,130
56,130
mu
59,126
md
56,126
59,130
62,126
57,126
61,126
mu
41,145
md
40,152
40,159
41,168
55,168
54,159
54,152
55,147
63,147
71,147
74,158
79,167
81,175
84,176
92,176
95,175
90,156
87,145
90,156
mu
55,168
md
53,178
46,184
37,184
41,178
41,168
41,178
mu
46,179
md
41,178
44,181
41,178
mu
81,175
md
81,189
85,193
97,195
95,188
95,175
95,188
mu
95,188
md
88,188
95,188
mu
31,108
md
29,115
29,120
26,117
25,120
26,125
33,125
37,123
39,120
39,106
37,104
39,106
mu
117,119
md
117,125
118,135
112,139
110,134
109,136
109,140
107,139
105,137
105,134
104,132
99,131
99,129
102,126
105,125
106,123
104,119
106,123
mu
117,119
md
122,114
125,117
117,125
125,117
mu
103,135
md
94,126
90,130
109,149
113,145
98,130
108,140
mu
87,145
md
96,136
103,143
90,156
103,143
mu
79,167
md
68,178
61,178
61,171
74,158
61,171
mu
130,0
