mg
22,43
md
22,50
23,54
24,57
29,62
32,64
37,67
41,69
43,70
45,69
49,67
54,64
57,62
62,57
63,54
64,50
66,43
64,50
mu
15,20
md
14,23
13,28
13,36
16,46
17,48
20,52
18,48
23,42
34,30
39,40
44,44
44,31
46,42
51,34
52,37
56,33
60,42
60,34
65,56
66,51
67,54
69,50
67,54
mu
17,38
md
19,47
17,38
mu
21,37
md
21,47
21,37
mu
23,35
md
24,39
23,35
mu
29,32
md
26,38
29,32
mu
39,33
md
40,39
39,33
mu
49,34
md
48,39
49,34
mu
63,39
md
63,46
63,39
mu
22,79
md
21,77
18,78
19,76
11,80
14,76
8,79
12,74
13,71
13,61
10,48
9,42
9,30
10,23
14,13
16,10
22,5
29,1
35,0
51,0
57,1
64,5
70,10
72,13
76,23
77,30
77,42
76,48
73,61
73,71
74,74
78,79
72,76
75,80
67,76
68,78
65,77
64,79
65,77
mu
35,67
md
35,71
33,73
23,79
11,81
7,83
4,87
2,91
1,94
0,98
1,114
10,170
1,114
mu
51,67
md
51,71
53,73
63,79
75,81
79,83
82,87
84,91
85,94
86,98
84,114
81,126
71,171
81,126
mu
38,77
md
41,83
38,77
mu
49,80
md
47,83
49,80
mu
20,85
md
27,87
33,88
37,89
39,91
41,92
mu
66,85
md
59,87
53,88
49,89
47,91
45,92
mu
34,92
md
35,93
37,93
35,93
mu
52,92
md
51,93
49,93
51,93
mu
14,93
md
14,94
13,97
9,106
7,113
8,117
10,121
11,122
15,125
23,126
28,126
33,123
37,119
39,115
40,111
39,115
mu
72,93
md
72,94
73,97
77,106
79,113
78,117
76,121
75,122
71,125
63,126
58,126
53,123
49,119
47,115
46,111
47,115
mu
10,122
md
17,140
18,146
16,157
7,178
3,189
0,206
0,220
1,225
0,220
mu
71,126
md
66,144
65,152
66,159
74,180
77,191
78,213
77,220
77,221
76,225
77,221
mu
40,201
md
44,220
45,225
44,220
mu
50,206
md
47,207
42,207
47,207
mu
42,159
md
42,161
42,159
mu
28,135
md
33,132
43,130
50,133
43,130
mu
19,177
md
19,178
24,185
19,178
mu
64,178
md
64,179
60,185
64,179
mu
27,39
md
31,37
34,38
35,39
mu
57,39
md
54,39
52,40
51,41
mu
28,44
md
29,49
31,53
35,53
36,50
36,43
36,44
mu
59,45
md
59,48
56,53
52,53
51,51
51,44
51,45
mu
32,45
md
32,46
33,44
33,47
33,46
mu
55,45
md
55,47
54,45
54,48
54,46
mu
32.5,47
md
mu
54.5,47
md
mu
26,45
md
32,43
37,44
37,45
mu
60,45
md
55,44
50,45
49,46
mu
30,53
md
35,52
36,52
mu
57,54
md
52,53
51,53
mu
44,53
md
mu
45,55
44,57
43,57
mu
41,61
md
43,61.5
45,61
43,61
mu
md
mu
50,100
