mg
85,34
md
91,34
93,32
93,28
90,27
87,24
86,22
86,22
87,17
89,15
92,14
95,14
99,16
104,16
104,11
101,7
94,0
87,0
84,2
75,14
74,17
73,22
73,25
74,29
79,34
88,34
82,34
mu
122,50
md
118,50
113,45
112,42
114,40
125,40
127,38
128,35
126,31
124,30
121,29
121,24
123,23
129,23
135,25
138,29
138,35
135,41
133,44
126,50
120,50
124,50
mu
107,29
dc,13,10
66,116
md
66,122
68,126
71,130
76,132
81,133
86,133
91,132
96,130
99,126
101,122
101,116
mu
71,187
md
97,187
101,190
mu
49,114
md
47,117
33,126
28,129
44,139
45,134
48,128
54,120
56,115
54,120
mu
132,146
md
126,142
110,114
120,107
122,108
140,136
126,142
118,128
mu
75,172
md
75,178
73,183
71,187
66,191
66,191
60,194
55,194
50,193
41,189
37,186
32,181
28,175
26,170
26,163
27,158
30,153
36,146
43,143
48,143
54,145
60,148
64,151
69,156
72,161
75,167
75,175
75,169
mu
93,172
md
93,178
95,184
97,187
101,190
106,193
110,194
116,194
122,192
129,188
136,181
139,176
141,171
142,167
142,162
141,157
137,150
132,146
126,143
118,143
112,145
105,149
100,154
96,160
93,167
93,175
93,169
mu
33,126
md
28,129
20,137
18,143
18,150
21,158
27,158
30,153
mu
36,146
md
40,143
42,142
44,139
45,134
mu
122,108
md
125,108
129,101
134,101
137,104
145,104
149,106
152,109
154,113
154,120
152,125
148,130
145,132
140,136
126,142
mu
74,17
md
68,18
61,18
54,20
47,22
40,18
36,16
28,13
24,13
21,15
17,21
15,27
14,34
14,39
15,43
17,46
18,40
17,46
15,52
13,57
12,67
12,69
13,78
15,85
18,93
22,99
27,104
31,107
42,112
49,114
56,115
66,116
73,117
88,117
101,116
110,114
118,128
mu
134,101
md
135,99
138,93
141,86
143,78
143,68
142,63
140,56
136,49
133,44
136,49
mu
133,24
md
133,19
129,8
127,5
124,5
117,6
111,8
106,11
104,14
106,11
mu
23,82
md
9,84
1,87
0,88
mu
25,94
md
15,97
9,100
8,101
mu
34,102
md
22,108
14,114
13,115
mu
137,71
md
147,70
163,71
164,72
mu
138,84
md
149,85
156,87
157,88
mu
132,94
md
149,99
157,103
158,104
mu
45,83
cc,6,7,360,0,20
115,82
cc,6,7,360,0,20
80,92
cc,7,5,360,0,20
0,0
