mg
90,205
md
0,205
0,125
15,95
40,70
80,50
120,70
145,95
160,125
160,205
120,205
90,215
90,155
120,145
120,205
90,185
120,175
90,215
120,205
120,145
40,145
40,205
70,165
40,175
70,195
70,145
70,195
40,205
0,205
0,125
160,125
260,75
260,155
160,205
240,165
240,115
180,145
180,195
240,115
180,145
240,165
160,205
160,125
260,75
245,45
220,20
180,0
80,50
150,15
170,25
130,45
110,35
80,50
mu
65,80
md
65,110
95,110
95,80
65,80
mu
60,75
md
60,115
100,115
100,75
60,75
mu
10,160
md
10,180
30,180
30,160
10,160
mu
130,160
md
130,180
150,180
150,160
130,160
mu
0,0
