mg
80,9
md
79,5
76,0
88,3
100,8
120,20
127,26
130,32
132,38
132,51
129,59
136,59
141,60
149,64
154,69
157,74
158,80
157,87
155,91
161,92
167,95
171,98
174,102
178,109
180,118
180,121
179,125
177,130
173,136
176,136
186,138
191,141
195,145
199,152
200,159
200,166
199,173
195,179
192,182
183,187
166,191
147,193
137,193
99,190
84,188
76,185
64,184
49,188
31,192
20,192
15,191
9,188
5,184
2,179
0,173
0,163
2,155
6,149
13,142
19,138
22,137
30,136
28,132
26,127
25,120
25,113
26,108
30,101
33,98
39,94
48,90
45,82
44,77
45,70
47,64
50,60
57,53
64,48
72,44
70,42
69,39
69,32
70,28
72,26
75,23
78,18
80,13
80,9
mu
93,41
md
88,43
79,45
76,45
72,44
mu
86,85
md
92,84
100,81
107,77
118,70
127,62
129,59
mu
54,135
md
33,136
30,136
mu
88,127
md
106,120
111,117
mu
76,185
md
81,184
110,175
129,167
144,158
166,143
173,136
mu
61,147
md
139,147
100,147
mu
cc,39,22,90,-90,10
67,109
cc,22,29,360,0,10
cc,12,18,360,0,10
133,109
cc,22,29,360,0,10
cc,12,18,360,0,10
0,0
