mg
94,0
md
98,14
106,28
112,36
121,44
133,53
235,89
238,93
241,95
249,98
257,100
264,103
266,105
268,109
269,113
268,118
261,125
268,118
mu
225,101
md
231,102
239,106
246,113
252,115
257,117
261,120
261,125
256,128
248,131
256,128
mu
216,110
md
225,111
232,115
236,120
243,123
248,127
248,134
246,138
243,140
236,140
243,140
mu
212,115
md
236,131
238,134
238,138
233,143
223,143
233,143
mu
202,123
md
210,125
217,132
222,132
224,135
225,137
225,141
223,143
219,145
210,145
188,137
183,136
180,136
175,138
167,139
163,139
150,137
137,133
127,128
119,123
109,122
51,126
42,126
34,124
25,120
16,115
10,109
6,104
2,97
0,86
0,80
2,73
4,68
10,60
18,52
25,43
28,37
29,30
28,0
29,30
mu
261,105
md
262,109
258,110
261,105
mu
254,118
md
251,122
254,118
mu
241,126
md
238,129
241,126
mu
232,129
md
229,133
232,129
mu
220,135
md
217,137
220,135
mu
270,0
