mg
50,23
md
104,13
42,44
39,45
22,45
17,44
13,43
7,40
4,38
0,32
0,91
4,97
7,99
13,102
16,103
22,104
39,104
42,103
104,72
42,103
mu
42,102
md
104,71
104,61
42,92
42,102
mu
42,84
md
104,53
104,43
42,74
42,84
mu
42,66
md
104,35
104,25
42,56
42,66
mu
0,32
md
8,31
9,31
mu
18,19
md
12,22
11,26
12,31
16,35
17,36
mu
21,33
md
25,40
28,41
33,40
36,37
37,36
mu
46,36
md
54,32
56,28
54,26
48,24
47,23
mu
22,22
md
22,26
23,19
23,28
24,18
24,29
25,17
25,30
26,16
26,30
27,16
27,31
28,15
28,31
29,15
32,15
27,24
29,31
30,23
30,31
31,24
31,31
32,24
32,31
33,22
33,31
34,20
34,31
35,19
35,31
36,19
36,31
37,18
37,30
38,17
38,30
39,18
39,29
40,18
40,28
41,20
41,27
42,21
42,25
42,22
mu
41,0
md
44,2
46,6
44,8
37,13
36,14
mu
105,0
