mg
112,0
md
88,0
76,1
69,2
62,3
53,5
45,7
38,9
33,11
36,28
100,60
164,28
167,11
162,9
155,7
147,5
138,3
131,2
124,1
112,0
mu
125,22
md
75,22
100,38
125,22
mu
0,6
md
12,78
38,96
80,96
73,55
31,32
26,6
0,6
mu
19,39
md
19,45
63,65
63,59
19,39
mu
21,59
md
21,65
65,84
65,78
21,59
mu
200,6
md
188,78
162,96
120,96
127,55
169,32
174,6
200,6
mu
181,39
md
181,45
137,65
137,59
181,39
mu
179,59
md
179,65
135,84
135,78
179,59
mu
100,67
md
80,59
86,91
86,158
114,158
114,91
120,59
100,67
mu
13,87
md
18,181
56,199
56,128
31,112
29,97
13,87
mu
187,87
md
182,181
144,199
144,128
169,112
171,97
187,87
mu
120,163
md
80,163
80,113
62,129
62,202
71,206
80,176
120,176
129,206
138,202
138,129
120,113
120,163
mu
116,181
md
84,181
76,210
124,210
116,181
mu
0,0
