mg
75,9
md
67,9
56,7
44,1
42,0
32,0
25,2
21,4
18,7
18,9
14,15
7,34
3,50
1,62
0,71
0,89
3,100
5,103
8,105
16,105
23,100
28,96
37,87
51,79
61,77
67,76
83,76
89,77
99,79
113,87
122,96
127,100
134,105
142,105
145,103
147,100
150,89
150,71
149,62
147,50
143,34
136,15
132,9
132,7
129,4
125,2
118,0
108,0
106,1
97,7
83,9
71,9
79,9
mu
18,10
md
21,7
25,4
32,2
42,2
44,3
49,5
55,10
61,13
89,13
95,10
101,5
106,3
108,2
118,2
125,4
129,6
132,9
129,6
mu
17,105
md
24,102
44,86
50,83
56,81
64,80
86,80
94,81
100,83
106,86
126,102
133,105
126,102
mu
53,43
md
49,43
49,49
47,51
41,51
41,59
47,59
49,61
49,67
57,67
57,61
59,59
64,59
64,51
59,51
57,49
57,43
51,43
55,43
mu
60,29
md
60,26
54,29
60,32
60,27.5
60,30.5
mu
90,29
md
90,26
96,29
90,32
90,27.5
90,30.5
mu
53,55
md
mu
31,28
md
mu
97,55
md
mu
75,28
md
mu
72,22
md
74,23
78,30
79,33
78,30
mu
78,22
md
76,23
72,30
71,33
72,30
mu
122,39
md
mu
133,28
md
mu
122,17
md
mu
111,28
md
mu
150,0
