mg
114,104
dc,50
98,98
dc,8
128,98
dc,8
94,0
md
114,18
121,21
128,22
152,19
156,40
160,49
164,54
169,58
188,68
181,82
177,91
176,99
177,107
181,116
188,130
169,140
164,144
160,149
156,158
152,179
128,176
121,177
114,180
94,198
74,180
67,177
60,176
36,179
32,158
28,149
24,144
19,140
0,130
7,116
11,107
12,99
11,91
7,82
0,68
19,58
24,54
28,49
32,40
36,19
60,22
67,21
71,20
74,18
94,0
mu
90,58
md
92,56
84,47
82,49
90,58
mu
109,86
md
93,75
90,78
106,89
109,86
mu
116,86
md
132,75
135,78
119,89
116,86
mu
137,130
md
137,116
135,116
130,117
127,118
123,119
117,120
109,121
89,122
89,124
109,125
117,126
123,127
127,128
130,129
135,130
137,130
mu
96.899,57.0155
md
85,42
72,53
59,64
71.1415,78.248
59,64
72,53
70,46
66,41
63,40
59,41
55,44
52,49
50,55
49,63
49,68
51,80
53,93
55,104
53,118
49,125
44,130
42,131
39,131
35,126
32,118
28,112
mu
26,108
md
23,100
mu
30,108
md
34,98
mu
34,111
md
42,109
mu
34,115
md
41,120
mu
26,119
md
25,128
mu
23,115
md
16,118
mu
23,111
md
15,108
mu
0,0
