mg
1,62
md
3,62
5,60
5,43
10,30
17,29
42,27
89,1
106,0
177,0
229,31
238,30
318,48
321,52
323,55
323,57
331,62
333,64
333,76
330,79
325,82
325,85
326,87
326,88
294,88
293,80
291,72
287,65
282,59
277,56
273,54
270,53
258,53
255,54
251,56
246,59
241,65
237,72
235,80
234,88
106,88
105,80
103,72
99,65
94,59
89,56
85,54
82,53
70,53
67,54
63,56
58,59
53,65
49,72
47,80
46,88
46,90
44,90
43,83
10,79
4,74
0,74
0,62
2,62
mu
264,68
md
264,88
264,87
mu
254,78
md
274,78
273,78
mu
257,71
md
271,85
270,84
mu
271,71
md
257,85
258,84
mu
76,68
md
76,88
76,87
mu
66,78
md
86,78
85,78
mu
69,71
md
83,85
82,84
mu
83,71
md
69,85
70,84
mu
180,2
md
179,5
220,35
228,32
229,31
mu
86,3
md
89,4
52,27
43,27
mu
170,5
md
99,5
59,32
59,35
122,35
122,37
216,37
171,5
101,5
100,5
mu
43,27
md
52,27
50,30
44,33
10,34
9,34
mu
125,5
md
120,35
121,29
mu
130,5
md
125,37
125,36
mu
127,5
md
122,37
118,51
118,61
124,87
124,88
220,88
222,77
223,61
222,51
220,35
306,49
318,49
318,48
mu
138,42
md
128,42
128,44
139,44
139,42
130,42
129,42
mu
320,52
md
309,52
309,57
323,57
323,55
321,52
310,52
mu
307,52
md
304,52
304,57
308,57
308,52
305,52
mu
332,66
md
316,66
316,71
333,71
333,66
317,66
mu
9,36
md
11,36
11,49
5,49
5,43
8,36
10,36
mu
13,36
md
20,36
20,49
12,49
12,36
19,36
mu
76,78
dc,24
dc,11
264,78
dc,24
dc,11
0,100
