mg
15,120
md
16,113
16,92
17,86
19,83
17,79
10,66
8,60
7,56
7,39
11,22
13,14
13,2
15,0
18,1
23,5
29,12
33,19
36,28
36,46
33,59
32,68
33,59
mu
40,63
md
39,61
39,57
41,52
44,43
49,34
60,23
71,15
78,9
82,4
85,2
87,2
89,12
89,22
87,31
85,36
79,45
72,52
68,55
61,60
57,64
57,67
57,64
mu
33,62
md
37,62
38,63
35,65
38,63
mu
38,63
md
46,63
48,65
48,67
42,69
46,72
41,72
46,72
mu
46,67
md
59,67
66,71
69,73
74,78
79,85
83,91
89,97
83,91
mu
23,83
md
24,81
26,80
30,80
26,80
mu
55,72
md
57,70
61,70
57,70
mu
55,114
md
57,112
59,112
57,112
mu
33,118
md
30,116
28,112
25,107
24,102
24,92
26,88
30,86
33,86
36,87
40,91
44,97
46,102
47,108
47,117
46,119
44,121
46,119
mu
76,104
md
77,101
77,90
75,85
72,81
69,78
66,77
63,77
61,79
59,84
59,94
60,101
61,104
65,110
69,113
65,110
mu
57,121
md
52,122
44,121
26,117
24,117
19,118
15,120
11,124
9,128
8,131
8,133
9,138
12,143
16,147
21,150
28,152
33,153
38,153
33,153
mu
63,118
md
69,113
76,104
80,101
83,99
89,97
93,97
97,98
101,101
104,104
106,107
104,104
mu
37,201
md
36,204
28,209
23,209
19,208
13,204
7,200
2,193
0,189
0,182
1,180
4,178
5,180
4,178
mu
4,178
md
5,174
6,171
10,167
13,166
15,166
18,168
20,170
18,168
mu
19,172
md
20,170
24,167
29,167
33,170
36,174
39,178
36,174
mu
28,209
md
53,199
59,198
70,198
78,201
84,204
90,208
94,209
97,209
102,208
106,206
114,202
118,198
120,195
121,191
122,185
120,183
118,185
mu
118,185
md
120,183
120,179
119,176
116,173
114,173
116,173
mu
84,204
md
80,200
79,196
79,192
80,188
81,185
77,187
75,189
74,191
71,194
68,196
65,197
59,198
53,199
mu
21,11
md
23,15
27,21
30,27
32,37
32,45
31,51
26,65
24,74
26,65
mu
23,15
md
22,28
20,45
20,63
22,70
24,74
22,70
mu
85,14
md
83,18
80,23
62,41
56,47
51,56
50,60
50,64
50,60
mu
83,18
md
83,26
80,35
76,41
72,45
66,49
57,55
52,60
50,63
52,60
mu
61,118
md
63,118
63,120
61,122
58,122
57,121
57,120
59,118
62,118
60,118
mu
57,134
md
58,132
60,131
63,131
65,132
66,134
66,137
66,134
mu
12,194
md
10,191
10,187
12,187
14,188
15,190
15,194
14,195
12,194
mu
26,187
md
24,186
23,183
24,179
26,179
28,181
28,186
27,187
26,187
mu
25,201
md
22,196
22,194
23,193
25,193
27,195
28,197
28,200
27,201
25,201
mu
94,188
md
94,185
96,182
98,181
100,181
101,182
101,184
100,187
97,188
94,188
mu
105,197
md
104,196
104,194
106,191
108,190
110,190
111,191
111,194
109,196
107,197
105,197
mu
92,201
md
91,199
92,197
96,194
98,195
98,198
97,200
95,201
92,201
mu
103,128
md
103,117
104,112
106,107
109,105
111,105
114,107
116,110
118,104
121,98
126,92
130,92
133,96
134,100
139,96
147,92
155,92
159,95
159,101
156,105
149,113
157,116
159,118
159,121
156,123
151,125
146,126
150,131
149,133
147,134
138,135
139,141
137,144
135,145
127,145
116,144
127,145
mu
141,109
md
111,134
141,109
mu
84,138
md
88,141
98,152
102,159
98,152
mu
66,153
md
71,157
79,166
84,175
79,166
mu
48,173
md
53,177
59,184
62,190
59,184
mu
62,148
md
77,133
82,130
92,126
97,126
103,128
111,134
115,140
116,144
116,154
115,159
116,154
mu
98,175
md
77,187
65,193
53,198
46,200
36,200
34,199
33,197
33,193
37,184
41,176
47,164
41,176
mu
102,171
md
100,170
98,168
96,170
98,175
102,177
108,177
110,176
115,171
116,169
116,161
112,157
109,156
107,156
105,158
105,162
108,165
105,162
mu
105,162
md
103,160
100,160
98,162
98,168
98,162
mu
60,154
md
62,152
62,148
59,145
55,144
49,144
47,145
43,149
42,153
42,158
44,162
48,165
51,165
53,163
53,159
51,157
53,159
mu
53,161
md
58,161
60,159
60,154
59,152
56,150
59,152
mu
45,147
md
42,147
39,150
38,154
38,157
39,161
42,164
47,164
42,164
mu
38,154
md
33,155
33,159
33,167
35,170
40,175
35,170
mu
51,128
md
53,127
56,123
59,126
61,126
65,123
65,120
65,127
64,128
60,129
57,125
60,129
mu
65,120
md
68,121
73,120
70,122
69,132
68,135
67,137
64,138
62,138
60,137
57,134
53,129
51,128
53,129
mu
41,119
md
38,115
37,112
37,106
38,104
42,104
47,110
47,117
mu
63,107
md
63,97
64,96
68,96
71,101
71,110
69,113
mu
160,0
