mg
120,60
md
119,60
1,60
0,60
0,61
0,169
0,170
1,170
239,170
240,170
240,169
240,61
240,60
239,60
61,60
60,60
61,60
180,60
mu
60,0
md
59,1
1,59
0,60
1,59
29,31
30,30
mu
300,0
md
299,1
241,59
240,60
241,59
269,31
270,30
mu
300,110
md
299,111
241,169
240,170
241,169
269,141
270,140
mu
60,0
md
61,0
299,0
300,0
300,1
300,109
300,110
300,55
mu
150,100
md
149,100
91,100
90,100
90,101
90,169
90,170
91,170
149,170
150,170
150,169
150,101
150,100
149,100
121,100
120,100
120,101
120,169
120,170
120,140
mu
113,130
md
113,131
113,139
113,140
113,135
mu
127,130
md
127,131
127,139
127,140
127,135
mu
45,110
md
16,110
15,110
15,111
15,149
15,150
16,150
74,150
75,150
75,149
75,111
75,110
74,110
30,110
60,110
mu
195,110
md
166,110
165,110
165,111
165,149
165,150
166,150
224,150
225,150
225,149
225,111
225,110
224,110
180,110
210,110
mu
255,115
md
255,134
255,135
256,134
284,106
285,105
285,104
285,66
285,65
284,66
256,94
255,95
255,125
255,105
mu
0,0
