mg
125,137
md
124,121
128,102
136,75
136,50
131,31
126,22
119,16
114,14
110,14
105,16
101,11
95,6
88,2
80,0
61,0
43,4
28,13
16,28
7,46
3,67
3,91
9,120
13,132
13,144
13,138
mu
13,132
md
3,155
3,159
3,157
mu
124,121
md
138,149
139,156
139,168
139,162
mu
59,34
md
56,44
50,51
46,54
33,62
26,71
33,62
mu
82,35
md
79,43
75,47
65,53
58,54
46,54
52,54
mu
108,38
md
101,47
93,51
84,53
65,53
75,53
mu
33,62
md
31,71
32,78
35,82
40,86
45,87
53,87
61,84
66,80
69,75
70,69
70,64
69,59
65,53
58,54
mu
70,67
md
76,67
76,75
80,81
84,85
90,87
99,87
107,83
111,79
113,72
113,66
111,59
108,55
103,51
93,51
84,53
79,57
76,64
76,72
76,69
mu
41,69
md
60,69
48,69
49,72
51,72
52,69
44,69
mu
84,68
md
103,68
91,68
92,71
94,72
95,68
87,68
mu
32,78
md
28,80
28,83
30,87
31,96
37,96
35,82
40,86
mu
111,79
md
113,81
112,86
110,95
106,95
107,83
99,87
mu
69,94
md
71,96
74,96
76,94
74,96
mu
72,107
md
60,107
65,104
69,104
72,105
75,104
79,104
84,107
66,106
78,107
mu
60,107
md
62,110
67,112
77,112
82,110
84,108
79,104
mu
37,96
md
44,111
53,122
60,127
70,128
77,128
83,127
92,122
102,108
106,95
107,83
mu
60,127
md
60,134
56,140
49,145
49,159
53,163
63,168
69,169
76,169
84,168
92,164
96,160
96,148
90,146
85,140
83,133
83,127
92,122
100,125
115,146
126,158
139,168
144,171
136,171
111,171
107,173
109,180
113,184
120,188
102,202
86,224
102,202
mu
53,122
md
41,127
22,145
3,159
1,159
5,159
13,160
35,164
34,169
29,175
21,180
42,199
60,220
62,224
60,220
mu
13,160
md
7,177
3,193
0,217
0,224
0,220
mu
136,171
md
138,209
138,224
138,216
mu
60,134
md
54,131
51,137
49,144
49,159
52,178
60,192
69,211
71,224
69,211
mu
83,133
md
87,131
92,134
96,141
96,148
96,160
93,178
86,191
77,211
75,224
77,211
mu
150,0
