mg
33,89
md
0,49
34,87
0,49
mu
33,30
md
29,24
24,11
24,2
26,2
32,7
39,17
42,27
38,28
mu
57,57
md
72,34
82,22
94,9
107,0
107,12
106,18
102,29
94,42
82,53
76,57
68,61
70,58
75,54
79,53
87,55
89,61
87,67
84,70
80,71
79,72
89,81
mu
37,44
md
37,52
41,58
43,59
49,59
55,55
58,52
55,55
mu
44,59
md
42,60
42,65
45,71
45,72
47,73
46,75
38,82
36,83
34,83
30,80
24,81
29,82
26,84
26,87
28,86
30,86
32,87
37,86
44,84
51,79
52,76
51,79
mu
55,55
md
58,58
63,58
68,61
70,63
74,69
79,72
89,81
92,81
94,79
96,78
99,78
101,80
99,83
100,84
95,84
93,85
90,85
74,75
71,72
65,67
63,67
67,72
63,67
mu
58,95
md
59,116
59,127
57,152
59,127
mu
83,97
md
82,101
75,117
74,121
74,129
72,136
70,141
65,150
63,154
65,150
66,150
66,155
64,158
63,163
60,166
58,166
58,163
58,166
55,161
53,163
51,163
51,160
51,163
mu
66,101
md
65,107
65,114
66,120
66,126
60,152
66,126
mu
45,52
md
mu
58,52
md
63,44
62,34
59,28
54,23
51,22
48,22
45,25
42,27
38,28
33,30
30,35
30,38
31,41
37,47
37,44
37,38
40,34
mu
37,44
md
45,44
49,41
55,35
57,44
58,39
57,46
49,43
58,52
63,44
mu
43,26
md
42,16
47,13
52,14
57,14
60,16
62,20
59,28
62,20
mu
53,65
md
60,65
67,72
75,77
82,81
87,86
89,90
89,92
84,88
86,92
86,96
84,98
80,93
76,101
71,94
67,100
62,102
60,93
56,97
56,90
53,91
53,89
60,80
45,72
45,67
46,65
57,65
49,65
mu
43,56
md
45,57
47,56
mu
41,48
md
40,47
42,47
40,47
mu
51,48
md
50,47
52,47
50,47
mu
54,156
dc,5
59,157
dc,5
110,0
