mg
90,39
md
81,57
82,58
97,68
113,57
121,48
127,40
129,34
137,35
110,17
110,13
112,12
111,11
111,4
103,0
104,6
105,10
103,11
103,12
105,13
105,18
98,24
95.5,24
90,27
89,29
89,36
81,44
73,53
66,62
59,70
27,127
37,137
49,144
59,148
68,149
71,124
72,110
97,109
104,109
104,85
102,80
98,75
95,72
95,67
mu
98,24
md
98,34
103,25
107,25
109,22
116,32
129,34
mu
66,62
md
80,66
90,70
95,72
mu
59,70
md
80,75
93,79
99,82
104,85
mu
35,114
md
46,125
58,135
69,142
mu
71,124
md
96,124
97,109
mu
73,114
md
96,113
mu
73,117
md
85,118
96,120
mu
72,121
md
95,122
mu
104,103
md
112,101
115,108
105,115
100,111
107,109
mu
113,103
md
116,101
122,107
115,113
117,118
96,126
mu
112,110
md
115,113
mu
107,114
md
109,121
mu
102,113
md
97,114
mu
100,114
md
103,123
mu
108,29
md
111,36
mu
124,39
md
118,42
mu
119,36
md
111,47
106,43
mu
103,45
md
108,49
mu
49,144
md
49,155
38,165
56,176
66,164
55,158
59,148
mu
47.5,155.5
md
25,129
24,128
23,129
16,133
15,134
41,162
mu
49,144
md
43,150
mu
35,156
md
27,162
12,174
1,184
0,185
4,194
16,184
32,170
41,162
mu
66,164
md
68,162
74,168
60,184
51,181
56,176
mu
70,174
md
94,192
122,209
138,218
177,236
165,243
136,228
118,217
93,201
64,180
mu
66.5,177.5
md
93,196
118,212
141,225
158,233
170,239
mu
96,124
md
95,152
95,179
94,192
mu
93,201
md
92,220
89,265
10,265
9,265
9,264
43,168
mu
75,125
md
73,139
70,164
mu
66,182
md
64,196
62,210
60,223
58,235
56,249
54,262
54,265
mu
81,124
md
80,138
78,162
77,179
mu
76,189
md
74,214
72,240
70,262
70,265
mu
0,0
