mg
77,146
md
48,114
47,112
47,109
41,109
38,112
37,118
43,125
51,132
63,141
77,153
91,141
103,132
111,125
117,118
116,112
113,109
107,109
107,112
106,114
77,146
mu
47,109
md
47,102
46,93
47,102
42,100
34,98
25,97
25,117
20,118
12,122
18,134
0,154
10,166
6,173
28,187
27,191
53,203
53,206
76,210
77,153
78,210
101,206
101,203
127,191
126,187
148,173
144,166
154,154
136,134
142,122
134,118
129,117
129,97
120,98
112,100
107,102
108,93
107,102
107,109
mu
25,117
md
26,127
mu
37,118
md
26,127
18,134
0,154
mu
43,125
md
10,166
mu
51,132
md
28,187
mu
63,141
md
53,203
mu
91,141
md
101,203
mu
103,132
md
126,187
mu
111,125
md
144,166
mu
117,118
md
128,127
136,134
mu
129,117
md
128,127
mu
76,44
md
73,45
70,47
67,50
65,55
65,57
67,62
70,65
73,67
76,68
78,68
81,67
84,65
87,62
89,57
89,55
87,50
84,47
81,45
78,44
76,44
mu
69,48
md
68,48
65,46
61,43
53,40
44,38
33,37
33,49
34,56
34,68
35,71
36,74
38,79
45,78
58,72
65,67
68,63
mu
85,48
md
86,48
89,46
93,43
101,40
110,38
121,37
121,49
120,56
120,68
119,71
118,74
116,79
109,78
96,72
89,67
86,63
mu
57,50
md
59,52
65,55
65,57
59,59
mu
97,50
md
95,52
89,55
89,57
95,59
mu
73,67
md
72,67
53,100
46,93
28,76
34,68
mu
81,67
md
82,67
101,100
108,93
126,76
120,68
mu
68,74
md
72,73
75,71
77,68
79,71
82,73
86,74
mu
62,0
md
62,5
57,5
51,6
43,9
32,10
22,11
20,12
17,15
15,14
10,16
9,18
8,21
9,23
10,23
15,28
21,37
28,50
29,57
30,60
34,68
mu
62,2
md
67,4
72,5
82,5
87,4
92,2
92,9
87,11
82,12
79,12
77,14
75,12
72,12
67,11
62,9
62,0
62,9
60,11
59,14
60,18
62,22
71,34
74,39
76,44
78,44
80,39
83,34
92,22
94,18
95,14
94,11
92,9
92,0
92,5
97,5
103,6
111,9
122,10
132,11
134,12
137,15
139,14
144,16
145,18
146,21
145,23
144,23
139,28
133,37
126,50
125,57
124,60
120,68
mu
17,15
md
19,18
22,23
25,29
27,35
28,40
29,44
mu
22,11
md
24,13
27,16
28,20
30,30
31,39
mu
27,16
md
30,21
31,23
35,28
38,32
44,38
mu
35,28
md
34,33
33,37
31,39
29,44
28,50
mu
137,15
md
135,18
132,23
129,29
127,35
126,40
125,44
mu
132,11
md
130,13
127,16
126,20
124,30
123,39
mu
127,16
md
124,21
123,23
119,28
116,32
110,38
mu
119,28
md
120,33
121,37
123,39
125,44
126,50
mu
0,0
