mg
0,3
md
1,1
3,0
170,0
172,1
173,3
173,270
172,277
170,280
165,285
162,287
154,290
136,294
123,296
100,297
73,297
50,296
37,294
19,290
11,287
8,285
3,280
1,277
0,270
0,3
mu
11,16
md
13,13
17,12
156,12
160,13
162,16
162,137
161,140
159,141
132,144
100,145
73,145
41,144
15,141
12,140
11,137
11,16
mu
38,25
md
39,25
134,25
135,25
135,26
135,112
135,113
134,113
39,113
38,113
38,112
38,26
38,25
mu
17,59
md
18,58
20,58
21,59
21,61
20,62
18,62
17,61
17,59
mu
39,174
md
40,174
51,174
52,174
52,175
52,186
52,187
53,187
64,187
65,187
65,188
65,199
65,200
64,200
53,200
52,200
52,201
52,212
52,213
51,213
40,213
39,213
39,212
39,201
39,200
38,200
27,200
26,200
26,199
26,188
26,187
27,187
38,187
39,187
39,186
39,175
39,174
mu
45,178
md
48,182
42,182
45,178
mu
61,194
md
57,197
57,191
61,194
mu
45,209
md
42,205
48,205
45,209
mu
30,194
md
34,191
34,197
30,194
mu
118,198
dc,10
150,187
dc,10
72,248
md
74,247
85,247
87,248
87,251
85,252
74,252
72,251
72,248
mu
98,248
md
100,247
111,247
113,248
113,251
111,252
100,252
98,251
98,248
mu
0,0
