mg
123,75
md
131,83
134,88
134,91
134,88
mu
131,91
md
135,91
139,93
142,96
144,102
144,107
143,112
142,114
141,116
137,119
141,116
mu
118,113
md
122,115
125,119
137,119
137,119
142,121
144,123
145,125
145,129
144,131
142,133
137,135
126,135
137,135
mu
142,133
md
142,139
145,145
150,151
156,156
155,158
151,160
108,160
129,160
129,166
125,170
120,173
115,178
104,198
115,178
mu
59,198
md
62,170
62,155
58,145
61,145
52,145
47,143
44,139
43,135
43,125
45,121
48,118
52,116
54,116
57,117
61,120
63,124
65,130
68,130
69,121
68,111
65,100
61,91
57,84
51,76
68,82
67,78
62,71
56,64
69,64
115,75
121,75
132,75
138,72
140,69
142,62
142,51
139,40
131,27
124,19
105,3
115,22
116,35
108,25
98,14
89,6
80,0
90,24
91,36
74,31
60,31
52,33
44,37
36,44
31,52
13,43
19,59
0,69
20,77
16,85
13,95
13,103
15,110
20,118
25,122
35,128
43,130
35,128
mu
48,128
md
49,125
54,123
57,125
59,128
57,125
mu
54,123
md
52,128
52,134
54,136
57,136
54,136
mu
75,101
md
75,107
76,114
78,118
76,114
mu
107,92
md
111,96
113,100
114,104
114,109
113,113
111,116
113,113
mu
75,107
md
89,102
104,102
114,104
123,101
135,101
144,102
144,107
128,107
114,109
104,108
92,108
84,110
76,114
84,110
mu
99,105
md
99,108
95,108
95,102
99,102
99,107
99,103
mu
133,104
md
133,107
137,107
137,102
135,101
133,101
133,106
133,102
mu
160,0
