mg
112,0
md
83,0
74,2
28,16
19,24
17,34
14,40
3,52
1,55
0,62
1,71
4,77
9,87
11,94
13,111
9,148
9,155
12,161
20,169
22,171
30,174
34,175
39,176
58,176
99,168
181,128
188,120
197,102
203,95
210,89
216,79
217,69
213,56
206,49
198,43
194,37
186,19
179,10
168,2
145,1
121,0
114,0
113,0
112,0
mu
56,9
md
62,10
66,10
72,11
84,11
95,9
110,7
124,7
128,8
132,9
147,14
158,21
164,26
168,28
169,29
mu
43,19
md
47,16
53,15
60,17
69,18
79,17
85,18
92,17
97,16
103,15
117,14
124,15
130,16
139,18
145,20
153,26
163,34
164,35
mu
41,35
md
43,29
47,26
49,25
63,23
73,25
77,26
78,26
mu
107,21
md
124,21
129,22
135,23
142,25
146,27
155,35
156,36
mu
73,30
md
76,34
76,41
76,42
mu
109,25
md
105,29
105,35
105,36
mu
43,48
md
44,46
47,44
49,43
52,42
61,42
68,44
74,47
77,50
79,51
82,50
85,50
83,51
80,52
79,53
74,53
70,52
65,51
55,50
48,49
44,49
44,48
43,48
mu
62,43
md
62,50
63,43
63,50
64,44
64,50
65,44
65,50
66,44
66,50
67,44
67,50
68,45
68,51
69,45
69,51
70,45
70,51
71,46
71,51
72,47
72,52
73,47
73,52
74,48
74,52
75,49
75,52
76,50
76,52
79,52
mu
103,49
md
108,43
113,40
119,38
123,37
138,37
142,38
145,39
151,43
154,47
154,49
152,50
149,50
145,49
142,48
130,48
128,49
123,50
120,51
115,53
110,55
104,51
103,50
103,49
mu
129,38
md
141,38
128,39
142,39
128,40
143,40
127,41
143,41
128,42
142,42
128,43
142,43
128,44
142,44
129,45
141,45
130,46
140,46
131,47
139,47
132,47
mu
77,53
md
77,64
61,79
61,78
mu
65,75
md
72,83
79,89
81,88
83,83
84,84
mu
77,61
md
60,76
48,82
47,82
mu
93,80
md
95,79
100,78
103,79
105,80
106,81
mu
105,71
md
109,70
114,71
117,74
117,78
116,82
113,84
112,84
mu
121,69
md
120,72
122,74
129,74
133,73
137,75
138,75
mu
38,48
md
35,47
29,48
21,48
15,52
11,56
9,60
8,63
7,68
8,74
9,77
13,79
18,82
20,83
21,84
mu
23,54
md
19,55
16,58
15,66
14,70
15,73
17,75
19,76
20,76
mu
20,64
md
23,60
29,59
37,60
41,66
49,67
52,66
54,63
55,62
mu
182,45
md
187,44
205,48
206,48
mu
209,89
md
199,93
196,94
195,95
mu
179,49
md
189,49
197,51
202,54
205,59
206,66
205,73
204,79
202,84
198,87
195,89
192,89
191,89
mu
193,83
md
196,77
198,70
197,66
194,61
190,57
186,55
178,53
174,55
171,57
165,60
157,62
150,63
145,62
142,61
137,59
133,54
132,53
mu
159,45
md
163,46
168,47
166,48
162,49
161,49
mu
159,51
md
162,52
163,52
mu
33,69
md
34,76
35,81
40,86
54,92
74,95
94,94
120,88
152,77
177,66
180,72
178,84
170,95
156,112
138,128
99,135
79,136
63,135
50,133
36,128
28,113
27,108
26,97
27,83
32,72
32,70
33,69
mu
176,61
md
178,68
182,73
187,75
188,75
mu
38,85
md
34,92
32,97
34,100
36,101
37,98
40,86
43,87
43,92
42,94
42,99
42,104
48,105
49,100
50,98
52,91
56,92
56,96
55,98
54,104
57,105
66,106
69,106
71,105
72,99
72,95
77,95
77,98
76,101
76,106
92,106
92,94
95,94
95,106
103,106
108,105
120,102
119,96
119,88
123,87
123,91
125,100
137,96
143,94
146,92
148,90
150,86
151,77
155,76
155,89
160,88
169,84
175,78
176,75
177,67
177,66
mu
38,128
md
37,125
39,126
41,125
41,123
40,121
39,120
39,117
41,117
47,126
48,133
52,133
52,127
48,119
56,121
57,125
60,130
60,135
66,135
66,132
61,120
65,119
69,120
75,127
76,136
80,136
80,132
78,121
78,119
88,119
93,118
96,117
96,130
97,135
100,135
100,116
106,115
122,109
123,116
127,123
127,129
133,128
131,123
127,114
127,108
132,107
149,99
150,106
153,110
153,113
158,110
155,105
154,98
164,92
168,91
168,95
167,95
mu
61,142
md
74,143
85,142
82,142
96,143
97,143
mu
35,138
md
40,144
46,147
54,149
85,149
103,147
108,145
129,138
144,132
156,127
158,126
159,125
mu
24,140
md
24,145
25,147
31,152
35,154
43,156
52,157
71,156
79,155
88,154
96,153
107,152
131,144
162,130
168,127
169,126
mu
0,0
