mg
6,48
md
6,56
18,56
18,50
24,50
24,32
18,32
18,26
12,26
12,38
6,38
6,52
6,44
mu
94,48
md
94,56
82,56
82,50
76,50
76,32
82,32
82,26
88,26
88,38
94,38
94,52
94,44
mu
26,18
md
26,24
38,24
38,18
44,18
44,6
38,6
38,12
26,12
26,21
26,15
mu
74,18
md
74,24
62,24
62,18
56,18
56,6
62,6
62,12
74,12
74,21
74,15
mu
50,32
md
42,32
42,38
36,38
36,54
42,54
42,60
58,60
58,54
64,54
64,38
58,38
58,32
46,32
54,32
mu
50,0
md
32,0
32,6
20,6
20,14
14,14
14,20
6,20
6,32
0,32
0,76
6,76
6,82
14,82
14,96
20,96
20,100
80,100
80,96
86,96
86,82
94,82
94,76
100,76
100,32
94,32
94,20
86,20
86,14
80,14
80,6
68,6
68,0
42,0
58,0
mu
6,76
md
24,76
24,66
42,66
42,82
40,82
40,66
60,66
60,82
58,82
58,66
76,66
76,76
99,76
100,76
100,75
mu
0,0
