mg
214,169
md
213,158
207,139
202,128
200,123
194,117
198,110
203,100
211,81
214,70
169,91
149,75
169,91
mu
157,94
md
154,85
149,75
146,70
139,58
130,45
122,35
112,25
99,13
89,6
79,0
87,18
94,33
99,46
102,59
103,67
105,84
103,67
mu
102,59
md
79,65
63,81
60,109
0,109
7,114
21,120
34,125
53,131
63,134
75,137
84,139
94,141
101,142
112,142
113,140
154,166
133,146
148,146
187,166
196,169
214,169
213,169
mu
141,146
md
139,148
143,148
142,150
148,150
147,155
161,155
156,160
168,160
163,164
176,164
173,167
155,167
190,167
162,167
mu
120,116
md
120,129
120,116
mu
125,121
md
125,129
125,121
mu
129,125
md
129,135
129,125
mu
155,138
md
160,145
153,141
150,131
158,141
153,136
mu
0,0
