mg
117,52
md
119,59
120,69
118,90
112,79
110,88
109,89
mu
61,87
md
63,87
63,87
84,70
85,69
mu
67,87
md
70,89
74,88
82,81
83,76
84,75
mu
77,79
md
75,83
79,82
81,81
82,80
mu
141,71
md
159,93
160,94
160,94
135,79
134,78
mu
150,82
md
146,82
145,82
146,80
147,81
148,81
mu
86,94
md
87,98
79,118
78,119
mu
130,97
md
133,100
134,120
134,122
133,123
mu
83,119
md
102,110
105,115
108,117
112,115
120,113
122,112
123,112
mu
101,120
md
108,120
113,118
114,119
114,120
mu
118,17
md
125,16
132,15
141,16
150,22
164,56
166,59
171,66
178,78
185,95
183,131
188,146
189,154
189,155
mu
136,48
md
145,49
158,52
159,53
mu
44,97
md
31,149
22,195
21,196
mu
47,168
md
39,190
40,207
41,207
mu
90,178
md
92,182
100,189
114,194
115,195
mu
107,182
md
mu
169,189
md
180,187
188,183
189,182
mu
180,178
md
mu
204,173
md
213,191
214,201
215,202
mu
185,131
md
191,134
212,173
234,206
235,207
mu
118,17
md
116,18
102,10
85,7
78,3
54,1
35,0
28,1
20,6
12,18
3,32
0,41
2,50
10,57
14,65
33,100
33,112
35,120
36,121
mu
35,14
md
37,18
51,30
52,34
46,33
45,37
45,38
mu
17,37
md
27,30
24,41
22,42
21,42
mu
22,34
md
23,35
mu
43,16
md
49,13
50,12
mu
48,19
md
50,16
54,18
54,20
53,20
53,18
53,19
54,20
mu
48,46
md
51,45
56,43
58,40
59,39
mu
102,9
md
108,6
112,5
115,6
121,11
122,12
123,15
123,16
mu
105,28
md
105,34
104,39
99,43
98,44
mu
91,26
md
92,23
92,22
mu
90,56
md
93,58
94,56
95,55
mu
29,67
md
mu
50,70
md
mu
50,88
md
52,85
53,84
mu
60,0
