mg
111,0
md
132,10
144,20
158,37
168,55
175,72
181,96
183,108
183,159
182,165
182,165
178,171
171,177
148,188
171,177
mu
37,188
md
39,175
39,159
34,136
27,121
15,101
0,86
15,101
mu
0,39
md
4,41
0,39
mu
0,44
md
3,45
0,44
mu
40,8
md
65,2
71,8
65,2
mu
69,1
md
75,6
69,1
mu
74,0
md
79,5
74,0
mu
112,14
md
114,11
117,10
132,10
117,10
mu
59,22
md
67,27
73,33
77,43
73,33
mu
75,44
md
49,35
75,44
mu
20,51
md
69,54
67,58
60,62
49,66
34,67
49,66
mu
5,50
md
21,61
5,50
mu
5,56
md
18,66
5,56
mu
71,72
md
69,75
62,78
57,79
48,78
40,76
40,84
38,84
40,84
mu
143,29
md
151,40
162,58
164,63
164,70
161,77
164,70
mu
117,22
md
114,29
113,34
113,41
113,34
mu
117,36
md
115,42
115,45
115,42
mu
148,64
md
115,58
121,64
129,70
137,73
129,70
mu
143,82
md
148,85
154,90
148,85
mu
33,38
md
37,38
49,39
58,41
67,46
75,52
33,49
19,47
8,44
12,42
16,40
22,39
29,38
35,38
31,38
mu
16,40
md
18,43
23,45
29,45
32,43
34,40
34,38
34,40
mu
154,55
md
149,55
116,54
126,47
132,44
139,44
146,47
159,55
151,55
157,55
mu
149,55
md
145,54
145,53
143,50
144,48
146,47
144,48
mu
71,97
md
71,95
74,91
82,86
95,82
106,82
121,85
128,88
136,95
128,88
mu
142,104
md
145,109
150,120
152,130
155,144
159,147
159,136
159,147
mu
57,106
md
52,115
50,123
50,135
47,136
47,131
47,143
44,141
42,137
42,130
43,125
45,121
43,125
mu
50,135
md
52,134
60,131
67,129
96,129
114,131
126,133
138,136
148,140
155,144
152,130
145,115
139,107
128,97
124,95
118,93
110,92
102,92
95,93
87,95
82,97
73,101
61,109
55,115
50,123
55,115
mu
52,134
md
54,122
57,120
59,123
60,131
62,123
65,123
67,129
69,122
71,120
75,119
77,129
78,121
81,120
83,121
85,129
86,119
88,116
93,116
94,119
96,129
97,119
99,115
101,114
106,114
112,116
113,119
114,131
115,123
117,122
122,122
124,124
126,133
129,121
130,119
132,119
135,123
138,136
139,125
144,125
146,130
148,140
149,131
152,135
155,144
159,147
164,141
164,136
164,141
mu
82,97
md
82,101
84,102
86,101
87,95
88,98
91,102
94,101
95,93
96,96
97,98
99,98
101,97
102,92
104,99
107,100
109,99
110,92
112,100
114,101
117,100
118,93
119,98
121,100
123,99
124,95
123,99
mu
39,159
md
62,184
39,159
mu
40,150
md
45,158
54,168
63,176
69,180
79,185
87,188
79,185
mu
93,169
md
73,175
87,181
95,184
104,186
117,186
121,185
125,182
129,176
133,168
135,158
133,150
135,158
mu
142,152
md
142,157
138,170
134,179
129,186
134,179
mu
190,0
