mg
50,6
cc,40,6,360,0,5
50,66
cc,46,60,90,-90,5
cc,46,95,270,260,5
tan,46,95,260
md
6,42
mu
50,66
tan,46,95,100
md
94,42
mu
50,66
cc,46,95,100,90,5
cc,50,64,90,25,5
cc,50,64,335,270,5
cc,50,95,270,235,5
cc,50,95,125,90,5
tan,50,95,235
md
10,6
mu
tan,50,95,125
md
90,6
mu
tan,50,64,25
md
67.22162,125.45576
mu
tan,50,64,335
md
32.77838,125.45576
mu
50,42
cc,44,7,360,0,5
30,155
cc,16,30,170,90,5
70,155
cc,16,30,270,190,5
54,155
md
54,187
mu
46,155
md
46,187
mu
8,187
cc,38,38,90,0,5
92,187
cc,38,38,360,270,5
50,225
cc,42,5,90,-90,5
100,0
