mg
3,104
md
0,76
2,52
5,43
9,34
13,27
21,17
29,9
39,3
45,1
54,0
66,0
75,1
81,3
91,9
99,17
107,27
111,34
115,43
118,52
120,76
117,104
120,76
mu
9,109
md
9,87
11,83
15,78
19,76
24,76
52,82
48,82
96,76
101,76
105,78
109,83
111,87
111,109
111,87
mu
60,113
md
56,113
44,122
38,122
32,121
25,119
17,115
9,109
3,104
0,108
0,113
2,124
4,129
15,137
26,146
30,151
34,163
37,185
38,192
44,198
44,166
47,142
50,133
53,127
55,125
58,123
62,123
65,125
67,127
70,133
73,142
76,166
76,198
82,192
83,185
86,163
90,151
94,146
105,137
116,129
118,124
120,113
120,108
117,104
111,109
103,115
95,119
88,121
82,122
76,122
64,113
58,113
62,113
mu
44,198
md
50,192
50,162
51,158
51,152
53,146
56,140
56,135
58,128
60,126
62,128
64,135
64,140
67,146
69,152
69,158
70,162
70,192
76,198
70,192
mu
60,146
md
53,146
56,140
64,140
67,146
56,146
64,146
mu
51,158
md
55,158
55,193
60,198
65,193
65,158
69,158
65,158
mu
50,192
md
55,193
60,198
65,193
70,192
65,193
mu
34,186
md
38,192
37,185
30,178
25,171
20,162
19,152
15,137
4,129
7,140
12,159
17,168
26,180
37,189
31,183
mu
86,186
md
82,192
83,185
90,178
95,171
100,162
101,152
105,137
116,129
113,140
108,159
103,168
94,180
83,189
89,183
mu
16,89
md
23,87
45,94
53,98
45,94
mu
49,99
md
37,96
30,96
24,98
30,96
mu
34,99
md
30,99
24,102
28,105
35,107
40,107
47,105
51,103
43,100
38,99
32,99
36,99
mu
104,89
md
97,87
75,94
67,98
75,94
mu
71,99
md
83,96
90,96
96,98
90,96
mu
86,99
md
90,99
96,102
92,105
85,107
80,107
73,105
69,103
77,100
82,99
88,99
84,99
mu
120,0
