mg
147,46
md
152,45
152,49
150,53
143,63
142,66
142,72
140,74
139,80
139,90
137,94
134,96
129,97
125,97
123,95
122,93
121,87
119,82
116,77
112,73
111,71
111,60
109,58
106,53
104,48
102,45
102,42
117,45
104,42
mu
124,92
md
127,95
129,96
134,96
129,96
mu
127,88
md
129,90
127,88
mu
109,58
md
106,63
103,68
98,74
94,78
88,82
83,84
77,84
78,83
68,81
59,77
51,75
46,75
40,77
37,79
35,81
31,85
27,93
25,98
25,102
25,98
mu
14,138
md
15,145
20,170
20,174
21,176
25,180
28,181
34,181
34,178
31,174
25,155
25,145
26,142
29,137
31,134
47,118
50,114
51,109
50,114
mu
20,171
md
23,173
27,174
31,174
27,174
mu
46,119
md
51,120
54,123
60,126
66,129
71,130
66,129
mu
46,119
md
46,123
45,126
36,135
35,139
35,143
41,165
41,172
44,175
47,176
54,176
54,172
51,167
47,157
46,149
47,144
59,132
60,129
60,126
60,129
mu
41,165
md
46,167
51,167
46,167
mu
89,151
md
91,154
95,167
102,184
102,190
106,194
110,195
114,195
116,194
116,191
114,188
111,181
104,164
100,116
104,164
mu
102,185
md
111,181
102,185
mu
101,127
md
106,124
111,118
114,115
117,109
119,103
120,96
121,87
120,96
mu
106,124
md
111,142
123,175
123,178
129,183
136,183
136,179
132,171
125,150
124,138
117,109
124,138
mu
123,175
md
132,171
123,175
mu
126,73
md
126,68
123,65
121,64
120,65
119,67
119,71
120,73
122,75
125,76
126,75
126,70
mu
106,44
md
106,48
107,51
110,55
112,56
115,55
115,53
108,46
113,51
mu
115,41
md
117,43
117,52
119,55
124,60
128,61
130,63
132,65
133,69
136,66
136,68
142,62
145,56
146,52
147,46
147,41
143,29
141,24
140,19
140,14
138,19
137,25
136,22
133,17
129,13
125,10
121,9
106,9
105,6
104,9
103,10
101,10
99,6
98,2
96,4
94,0
92,4
91,10
90,12
88,13
88,16
90,21
93,25
86,25
93,31
91,34
96,35
97,36
96,37
96,39
99,41
102,42
99,41
mu
108,59
md
105,57
103,55
101,55
99,52
97,55
98,57
96,62
93,58
88,59
89,61
89,63
88,64
89,67
91,71
86,73
84,71
80,71
79,68
76,68
74,67
73,65
70,69
69,71
67,71
64,69
62,69
58,72
56,71
56,67
54,66
52,64
50,68
48,70
48,72
49,75
48,72
mu
46,75
md
46,64
47,61
50,57
54,53
54,47
52,49
51,47
51,42
48,38
44,36
43,39
43,42
44,44
43,46
39,44
37,41
30,41
27,42
25,42
22,41
16,40
12,38
9,34
9,31
11,25
8,21
8,24
4,27
1,28
0,31
0,34
2,37
0,39
3,41
4,43
2,46
7,50
13,52
17,55
19,58
14,57
17,61
19,65
21,68
25,72
27,72
31,71
34,74
32,76
36,77
37,79
36,77
mu
29,108
md
30,106
27,105
25,102
25,100
21,99
22,102
20,105
17,103
14,98
12,101
7,99
7,103
9,107
11,108
10,109
5,109
7,114
7,119
9,121
13,122
12,126
10,127
8,125
7,128
4,126
7,132
10,133
11,136
14,138
16,131
21,122
24,120
24,116
25,113
26,111
28,110
29.5,107
28.5,109
mu
90,138
md
90,134
87,132
86,130
85,125
83,123
85,119
81,118
76,117
76,114
73,115
71,118
68,119
67,122
67,124
70,127
71,130
72,135
76,136
79,136
80,134
82,135
82,137
80,139
77,139
77,142
79,144
80,148
82,150
78,151
81,154
85,155
88,154
89,151
88,147
88,144
90,142
90,136
90,140
mu
0,0
