mg
70,111
md
69,119
69,123
70,128
72,130
72,136
76,142
78,146
94,162
98,164
111,177
119,182
125,184
130,185
148,185
153,184
160,180
163,179
165,177
168,172
175,165
176,157
178,150
182,146
184,142
188,135
192,126
193,121
193,114
192,105
188,98
188,93
190,86
189,77
189,74
187,69
185,64
183,61
183,56
182,51
179,42
175,34
172,30
168,26
158,18
152,14
146,9
140,6
131,3
122,1
114,0
105,0
88,1
82,2
70,8
66,10
55,14
51,18
48,23
43,29
41,38
38,43
34,60
33,79
33,82
34,94
37,99
38,105
40,111
49,127
51,133
51,158
50,161
48,166
47,175
40,187
35,192
29,197
37,197
29,197
23,198
14,201
9,205
0,205
mu
143,185
md
143,191
146,196
158,197
168,197
179,198
194,202
mu
93,48
md
104,47
107,46
128,46
133,48
139,49
161,49
167,53
mu
83,61
md
92,61
98,60
102,59
106,57
112,56
120,54
129,55
132,57
138,58
159,59
164,60
mu
92,73
md
98,70
110,68
123,68
123,69
mu
153,71
md
155,69
159,68
164,68
169,69
176,75
mu
125,76
md
129,80
129,82
mu
155,78
md
154,81
154,85
mu
106,86
md
102,86
99,87
97,90
97,94
102,98
106,98
118,98
122,98
123,97
123,93
118,90
113,87
110,86
106,86
105,93
106,98
118,98
118,90
mu
166,91
md
161,91
157,94
157,99
162,100
166,100
170,101
175,101
176,99
176,93
173,90
169,90
166,91
165,95
166,100
mu
131,127
md
124,128
123,129
123,133
124,135
125,137
127,138
132,138
mu
138,137
md
141,135
143,136
mu
150,138
md
154,140
156,140
158,138
158,135
160,133
162,129
162,125
153,116
151,107
mu
118,155
md
123,154
133,157
154,157
158,156
159,159
mu
74,147
md
75,151
75,163
73,167
mu
56,198
md
60,197
64,192
66,188
69,185
75,183
mu
122,189
md
124,193
127,196
129,196
mu
92,208
95,207
104,211
107,215
113,215
115,211
177,209
124,209
mu
200,0
