mg
33,35
md
2,35
0,33
22,28
21,26
21,24
23,23
15,0
22,2
33,19
39,15
41,16
40,29
41,31
54,37
71,45
86,52
99,33
103,21
102,20
110,22
111,24
111,64
131,72
134,75
140,82
144,86
145,88
146,91
146,92
145,93
143,94
136,95
133,95
126,92
123,91
98,81
89,82
5,82
2,80
0,75
0,75
1,76
68,66
56,58
43,49
29,35
3,35
mu
131,73
md
128,75
124,81
137,86
140,82
132,74
131,74
mu
28,82
md
28,84
37,91
41,92
43,90
44,87
42,85
36,82
37,82
mu
63,82
md
63,84
72,91
76,92
78,90
79,87
77,85
71,82
72,82
mu
111,37
md
117,41
119,43
119,47
116,48
114,47
111,46
111,45
mu
111,54
md
117,58
119,60
119,64
116,65
114,64
111,63
111,62
mu
150,0
