mg
53,110
md
47,105
38,95
35,88
35,82
37,78
42,53
45,48
48,44
45,48
mu
45,48
md
40,46
33,41
21,31
12,21
3,7
0,0
6,1
17,6
27,12
35,17
47,28
55,38
61,35
75,32
89,32
98,34
104,36
108,40
114,35
124,29
141,22
157,18
177,17
174,22
164,32
149,41
133,48
127,50
121,51
118,51
121,51
mu
17,6
md
17,19
21,31
17,19
mu
157,18
md
156,25
153,33
149,41
153,33
mu
121,51
md
124,59
126,68
133,115
136,125
141,146
141,164
139,174
133,181
126,185
123,187
107,187
99,186
91,184
84,183
80,183
74,184
61,185
56,190
49,194
45,193
45,189
46,187
51,181
48,180
44,175
41,167
43,159
46,154
48,149
46,154
mu
123,187
md
117,193
110,198
105,197
105,193
107,187
105,193
mu
112,191
md
109,197
112,191
mu
109,191
md
106,197
109,191
mu
51,189
md
47,193
51,189
mu
49,187
md
45,193
49,187
mu
60,120
md
64,135
63,149
61,149
61,152
59,151
58,154
55,152
54,155
52,153
50,154
48,149
44,144
40,135
39,129
39,125
41,115
44,109
47,105
44,109
mu
100,115
md
94,121
87,133
84,151
86,151
86,153
88,153
88,155
90,154
91,156
93,155
95,157
100,154
105,151
112,144
119,135
112,144
mu
141,150
md
149,145
144,134
155,129
147,111
164,105
141,71
197,37
215,76
170,90
177,111
161,117
166,132
152,139
156,150
141,155
156,150
mu
153,125
md
163,122
153,125
mu
133,115
md
126,117
123,119
127,123
136,125
127,123
mu
141,146
md
133,147
130,150
133,154
141,155
133,154
mu
37,78
md
39,79
41,82
42,88
40,93
38,95
40,93
mu
57,87
md
61,90
66,87
74,91
78,88
74,91
mu
55,68
md
55,65
53,62
50,63
46,66
45,69
45,71
46,73
49,76
51,76
54,74
55,71
55,66
55,70
mu
91,70
md
91,68
92,66
95,64
99,64
101,65
104,68
104,73
103,75
101,77
96,77
93,75
91,72
91,69
91,71
mu
0,0
