mg
0,65
md
0,62
16,54
29,54
32,44
32,37
31,34
29,28
24,22
22,17
24,14
27,13
40,17
42,17
49,10
58,9
58,0
63,0
77,9
79,10
88,10
96,6
109,7
147,8
213,10
229,11
329,9
334,4
336,2
341,0
345,2
346,5
346,9
351,9
352,21
352,31
343,54
313,54
215,54
200,60
192,65
185,72
182,77
182,107
126,107
123,110
120,115
113,176
117,188
117,193
111,193
111,195
117,195
117,196
89,196
44,196
44,191
117,191
28,191
24,187
24,164
26,155
38,130
43,118
47,103
49,90
48,82
47,78
43,72
37,68
33,67
17,66
1,67
0,65
16,57
29,54
32,44
40,17
42,17
49,10
58,9
61,9
61,13
70,13
69,9
77,9
mu
61,25
dc,6
cc,10,10,360,180,10
tan,10,10,180
md
89,15
91,17
92,22
73,31
70,15
73,31
66,34
61,35
66,34
91,39
101,12
101,32
121,32
101,32
101,12
109,7
147,8
147,32
151,40
300,40
151,40
147,32
147,28
151,30
313,30
313,54
29,54
mu
142,85
cc,5,15,360,180,10
cc,11,15,360,230,10
cc,15,15,270,180,10
cc,15,15,270,230,10
tan,11,15,230
md
tan,15,15,200
mu
tan,15,15,180
md
142,65
162,65
170,70
174,77
176,91
176,103
133,103
127,85
mu
34,181
md
34,164
36,155
48,130
53,118
57,103
65,57
79,57
79,65
80,67
82,68
116,67
112,94
108,94
107,95
106,97
107,99
108,100
110,100
98,181
34,181
66,181
cc,32,8,270,90,10
122,99
dc,3
122,96
md
111,96
111,98
119,99
mu
329,9
md
332,9
333,11
332,13
343,12
346,9
mu
0,0
