4,118
md
-4,122
-13,124
-22,122
-25,120
-27,117
-28,112
-27,107
-25,104
-20,98
-10,92
-4,87
-1,83
3,75
4,70
4,64
3,59
0,53
-3,49
-7,45
-12,42
-20,37
-28,34
-32,34
-34,35
-35,37
-35,39
-34,41
-31,42
-19,49
-14,54
-11,59
-8,64
-7,70
-9,75
-11,79
-14,83
-19,87
-27,92
-36,100
-38,104
-39,110
-39,117
-38,123
-36,127
-34,130
-31,132
-27,134
-22,135
-13,135
-4,133
-2,132
0,130
mu
56,84
61,140
mu
80,61
md
78,66
73,86
70,110
70,132
71,149
72,155
74,157
79,158
81,159
79,163
73,167
68,167
66,166
59,161
66,166
68,167
70,171
63,170
61,168
63,170
49,169
31,167
29,166
28,164
mu
90,111
md
87,153
88,163
95,160
101,159
109,160
114,162
118,166
84,167
82,166
82,163
mu
66,22
md
64,18
64,-12
65,-19
66,-22
69,-20
74,-17
79,-9
81,-5
82,2
77,6
72,11
72,4
69,11
68,2
68,-12
69,-15
71,-13
mu
109,16
md
111,13
112,6
111,-4
107,-16
104,-21
102,-16
100,-9
98,1
98,4
103,8
107,3
106,8
107,3
103,6
104,-12
106,-10
mu
83,19
md
mu
103,18
md
mu
97,27
md
mu
86,32
md
87,34
90,36
92,35
95,33
98,35
100,36
103,34
104,32
mu
0,0
