mg
78,116
md
78,152
82,164
88,173
110,190
128,199
140,201
143,201
161,197
178,188
189,178
196,169
205,169
216,161
224,148
226,140
225,135
223,130
219,126
217,126
216,126
mu
75,102
md
72,105
69,110
66,122
68,134
72,143
78,147
78,148
mu
91,113
md
97,109
107,106
112,106
122,109
129,115
130,116
mu
158,122
md
164,119
170,118
177,118
184,121
194,131
195,132
mu
111,136
md
132,143
149,146
170,147
173,153
173,161
169,176
164,185
158,190
149,194
141,195
133,194
123,191
110,183
106,177
104,168
104,160
107,144
110,137
110,136
mu
223,129
md
226,114
226,95
221,77
213,63
207,55
199,49
190,43
181,39
171,35
160,32
146,31
139,31
129,33
121,35
109,40
98,47
85,59
76,73
68,90
64,109
64,115
65,118
93,65
80,90
75,106
75,120
114,60
107,71
99,95
98,111
135,55
125,76
121,94
120,107
154,60
172,119
176,102
173,67
183,93
191,129
195,112
194,72
203,143
211,120
210,87
213,139
217,125
217,100
216,90
216,89
mu
80,66
md
56,53
42,39
58,34
58,14
76,18
83,0
100,20
110,39
110,40
mu
207,55
md
229,41
255,33
252,49
271,58
259,70
273,87
251,90
225,87
224,87
mu
206,170
md
232,196
219,198
219,214
204,208
204,212
204,213
mu
79,153
md
62,156
61,156
mu
204,214
md
203,212
196,204
186,194
178,189
159,199
155,208
150,213
149,214
mu
56,214
md
54,204
76,211
80,206
84,195
84,187
81,179
77,174
73,171
77,171
81,174
87,176
91,176
95,178
102,183
110,191
121,208
127,213
128,214
mu
60,158
md
72,170
73,171
mu
53,203
md
48,201
41,196
33,188
21,183
12,176
6,168
2,159
0,151
0,144
3,127
5,122
11,115
19,111
35,111
41,113
46,116
49,120
49,127
44,129
47,130
mu
8,133
md
18,129
25,128
38,128
47,130
52,134
52,142
49,149
48,150
mu
12,152
md
25,148
30,147
40,147
48,150
50,153
50,159
49,162
39,168
31,170
23,170
22,170
mu
48,163
md
49,164
49,171
46,175
40,180
36,181
33,181
32,181
mu
27,110
md
26,105
27,102
28,100
32,97
38,97
41,100
46,109
55,118
60,125
63,132
64,137
64,143
59,162
58,174
57,175
mu
95,48
md
83,23
71,1
70,0
mu
106,41
md
105,18
102,1
102,0
mu
209,57
md
226,35
247,15
248,14
mu
215,64
md
240,46
266,31
267,30
mu
92,80
md
108,74
117,73
131,77
137,83
138,84
mu
202,97
md
190,88
184,86
172,85
161,88
160,89
mu
0,0
