mg
120,0
md
96,0
64,9
46,15
29,28
20,36
12,53
10,74
7,97
0,127
0,137
22,157
25,159
35,168
45,178
55,186
64,191
79,197
98,202
139,202
145,200
161,200
175,199
180,197
190,191
192,189
200,187
210,170
226,151
228,147
235,141
238,134
242,125
243,116
243,102
241,95
232,83
228,75
220,66
213,60
200,49
181,42
171,42
158,39
155,36
153,32
150,30
145,22
139,12
123,1
121,0
119,0
mu
68,41
md
62,43
61,48
62,56
67,58
74,59
78,56
79,52
79,49
78,43
76,43
69,42
66,43
64,45
65,50
65,53
67,55
71,56
76,55
78,50
77,46
72,44
67,42
65,42
mu
73,49
md
mu
121,32
md
117,35
117,41
120,45
123,48
128,48
132,45
133,42
130,33
122,32
121,34
118,37
119,40
122,44
125,45
129,44
131,39
131,36
130,33
122,33
121,33
mu
126,38
md
mu
93,38
md
98,42
100,45
101,47
101,48
mu
95,54
md
91,57
90,62
93,63
99,61
100,60
100,59
mu
106,51
md
109,51
111,52
112,55
112,59
108,59
106,59
105,58
105,57
mu
89,63
md
76,71
75,71
mu
113,55
md
115,56
116,57
134,56
171,54
172,54
mu
106,63
md
107,66
110,70
112,73
112,74
mu
66,75
md
79,78
87,79
110,79
116,78
126,76
135,73
145,70
152,67
157,63
162,61
166,59
178,53
173,58
161,70
153,73
147,78
134,79
123,82
116,84
105,82
103,81
100,81
82,80
74,78
69,77
67,76
66,76
66,75
mu
113,78
md
113,82
113,81
mu
122,77
md
123,81
123,80
mu
131,75
md
132,79
132,78
mu
141,73
md
141,78
141,77
mu
148,69
md
152,75
151,74
mu
153,67
md
157,72
156,71
mu
158,63
md
161,69
160,68
mu
164,61
md
164,66
164,65
mu
63,80
md
69,85
74,88
80,91
82,91
mu
87,89
md
108,95
113,96
117,97
129,97
146,91
155,86
164,80
165,77
168,74
170,72
173,68
174,67
175,66
mu
56,75
md
51,86
52,89
55,93
59,95
60,95
mu
63,91
md
65,91
67,93
69,95
72,97
73,98
mu
81,99
md
96,107
99,107
102,105
103,105
mu
149,94
md
152,93
164,90
166,86
173,79
175,76
175,75
mu
71,123
md
76,128
77,130
80,135
83,139
82,142
97,153
98,154
mu
205,87
md
203,95
200,97
197,101
192,109
186,121
180,135
179,139
178,140
mu
41,130
md
42,134
43,140
43,143
42,148
42,149
mu
40,142
md
39,150
39,157
45,164
50,169
52,170
mu
45,154
md
47,156
49,161
51,162
66,172
67,172
mu
63,176
md
72,182
73,182
74,182
mu
80,188
md
74,187
66,188
65,189
mu
235,101
md
236,105
236,106
mu
119,144
md
127,146
128,146
mu
150,148
md
147,149
146,153
146,154
mu
144,158
md
146,159
146,161
147,164
148,168
148,174
147,175
146,180
142,187
147,175
140,190
138,191
137,192
mu
100,190
md
101,191
103,192
107,194
110,194
117,195
127,194
130,193
131,192
mu
150,192
md
154,193
157,193
164,192
175,191
176,190
179,187
180,186
mu
63,24
md
67,23
69,22
86,22
89,21
89,20
mu
94,21
md
96,20
98,20
101,17
103,15
104,15
mu
67,29
md
76,29
79,30
84,32
89,32
93,31
95,30
98,29
99,27
101,24
104,22
105,20
107,20
108,19
mu
77,29
md
87,30
90,29
84,32
92,27
94,24
95,24
mu
40,33
md
44,37
44,41
42,43
42,44
mu
59,36
md
55,37
54,37
55,38
mu
56,49
md
51,49
49,52
49,53
mu
54,51
md
51,51
50,51
mu
30,63
md
30,65
28,66
25,68
24,68
mu
133,19
md
135,21
136,22
137,22
mu
140,33
md
136,34
137,39
137,39
141,38
142,38
mu
65,39
md
67,37
74,37
78,40
79,42
79,43
mu
72,35
md
74,35
78,38
78,39
mu
80,53
md
79,58
79,61
77,63
76,64
70,65
66,63
77,63
61,60
59,58
59,57
mu
86,51
md
84,56
82,58
77,63
73,66
66,69
61,69
58,67
57,66
mu
124,27
md
120,27
117,28
112,32
110,33
109,40
109,41
mu
116,33
md
115,35
115,40
115,41
mu
119,48
md
121,49
122,50
134,50
139,47
140,46
mu
147,48
md
168,48
172,49
182,55
185,57
187,62
182,67
185,73
185,74
mu
14,84
md
19,92
25,95
28,97
29,98
mu
mu
15,93
md
24,96
25,95
26,97
27,98
mu
mu
19,99
md
26,100
27,102
27,103
mu
mu
19,99
md
25,102
26,95
26,106
mu
mu
37,100
md
34,106
34,107
mu
mu
39,104
md
39,109
38,113
38,114
mu
mu
17,115
md
14,117
13,117
12,117
mu
21,118
md
18,120
14,139
13,140
mu
175,87
md
171,88
170,89
mu
80,127
md
mu
115,117
md
mu
147,116
md
mu
182,100
md
mu
181,109
md
mu
112,124
md
mu
96,145
md
mu
128,141
md
mu
169,132
md
mu
192,125
md
mu
72,161
md
mu
0,190
