mg
30,15
md
32,16
34,18
37,19
41,19
44,17
45,16
46,15
mu
34,18
md
35,17
36,16
40,16
41,17
42,18
mu
40,22
md
38,22
37,23
35,23
32,20
30,20
29,19
29,17
26,15
26,13
28,11
28,9
29,8
31,8
31,7
32,6
36,6
36,5
39,5
40,6
42,6
43,5
44,6
46,8
48,8
49,9
50,9
50,12
52,14
52,15
50,17
50,19
49,19
49,20
46,20
45,21
44,22
40,22
mu
32,29
md
32,24
31,23
31,22
31,20
mu
45,27
md
45,24
45,21
mu
39,29
md
37,29
35,30
34,31
32,33
31,36
30,39
30,41
30,47
33,51
36,54
38,56
40,58
40,59
41,58
46,53
48,50
49,48
49,45
49,40
48,37
47,34
46,33
44,31
43,30
41,29
39,29
mu
41,29
md
44,28
46,26
50,24
58,24
62,25
65,27
68,30
70,32
71,33
72,34
71,35
70,36
67,39
64,40
55,40
52,39
50,38
48,37
mu
34,31
md
33,30
32,29
27,28
24,28
20,29
19,30
17,31
15,32
13,34
12,36
11,38
9,42
8,43
7,44
6,45
8,46
18,46
22,45
26,44
28,43
30,41
mu
50,9
md
52,7
55,6
65,6
65,8
64,12
63,17
61,21
58,24
mu
32,24
md
31,23
29,21
26,19
24,18
22,17
7,17
8,21
10,24
12,27
14,29
16,30
17,31
mu
36,6
md
34,4
32,2
30,1
27,0
26,1
25,2
24,4
23,6
22,9
21,12
21,14
22,16
23,17
24,18
mu
36,54
md
36,63
37,79
38,93
39,104
40,109
41,117
42,123
43,131
mu
38,56
md
38,67
39,80
40,95
41,105
42,110
43,118
43,131
44,108
45,99
46,94
47,90
48,86
49,84
50,81
51,79
52,77
53,75
55,72
57,69
59,66
75,49
76,48
76,54
75,58
74,61
72,66
70,70
68,74
64,80
57,91
52,100
50,105
48,111
46,118
44,127
43,131
41,120
39,112
37,103
36,97
34,92
32,87
30,82
27,77
25,74
21,69
18,66
15,63
9,57
1,50
0,49
1,56
3,62
5,66
7,69
9,72
12,76
15,80
18,84
21,88
25,93
29,99
33,106
36,113
39,120
41,125
43,131
mu
0,0
