mg
100,33
cc,40,33,270,90,10
tan,40,33,250
md
44,18
20,16
0,13
5,16
9,18
17,20
33,22
50,25
56,28
60,33
60,41
61,50
62,54
63,56
57,57
50,57
43,56
32,51
21,44
12,35
1,19
0,14
0,13
mu
tan,40,33,110
md
156,18
180,16
200,13
195,16
191,18
183,20
167,22
150,25
144,28
140,33
140,41
139,50
138,54
137,56
143,57
150,57
157,56
168,51
179,44
188,35
199,19
200,14
200,13
mu
100,48
cc,3,2,270,90,10
100,57
cc,9,3,270,90,10
100,56
cc,37,10,-90,90,10
tan,37,10,346
md
91,90
74,88
mu
100,137
cc,50,13,90,-90,10
0,0
63,56
md
56,64
52,71
51,76
51,79
52,81
50,96
48,97
46,101
46,105
50,107
50,110
51,114
52,116
54,117
58,117
56,125
50,137
56,125
58,117
59,115
56,112
59,115
60,109
57,109
50,107
57,109
60,109
62,101
53,99
51,98
50,96
51,98
53,99
62,101
63,86
55,83
52,81
55,83
63,86
74,88
91,90
91,93
104,93
114,92
128,89
137,86
mu
137,56
md
144,64
148,71
149,76
149,79
148,81
150,96
152,97
154,101
154,105
150,107
150,110
149,114
148,116
146,117
142,117
144,125
150,137
144,125
142,117
141,115
144,112
141,115
140,109
143,109
150,107
143,109
140,109
138,101
147,99
149,98
150,96
149,98
147,99
138,101
137,86
145,83
148,81
mu
87,17
md
90,19
94,23
96,26
mu
77,28
cc,10,5,260,160,10
78,34
cc,10,5,270,90,10
78,42
cc,10,9,270,180,10
68,42
md
68,44
mu
80,44
cc,12,6,90,-90,10
tan,12,6,52
md
90,44
89,39
92,44
89,39
87,37
83,34
78,33
mu
79,43
cc,6,4,90,-90,10
cc,6,9,270,90,10
81,40
dc,3,10
112,17
md
109,19
105,23
103,26
mu
123,28
cc,10,5,100,200,10
122,34
cc,10,5,90,270,10
122,42
cc,10,9,90,180,10
132,42
md
132,44
mu
120,44
cc,12,6,-90,90,10
tan,12,6,308
md
110,44
111,39
108,44
111,39
113,37
117,34
122,33
mu
121,43
cc,6,4,-90,90,10
cc,6,9,90,270,10
123,40
dc,3,10
0,0
